Results file for weave 2_5_1_1_6
ArealDensity : 1.3948e-06
E0_x : 31639510944.6
E0_y : 28750829905.9
E0_z : 6242047775.17
v0_xy : 0.0579253
v0_xz : 0.480808
v0_yx : 0.0526367
v0_yz : 0.432096
v0_zx : 0.0948569
v0_zy : 0.0938117
G0_xy : 2119233044.89
G0_yz : -1.59560070198e+18
G0_zx : -1.59560070198e+18
