Results file for weave 2_4_1_2_4
ArealDensity : 1.2618e-06
E0_x : 26758173579.6
E0_y : 34060117944.3
E0_z : 6427055438.72
v0_xy : 0.0471431
v0_xz : 0.498043
v0_yx : 0.0600078
v0_yz : 0.414557
v0_zx : 0.119625
v0_zy : 0.0782258
G0_xy : 2129296086.58
G0_yz : 1.44708657854e+14
G0_zx : 1.44708657854e+14
