Results file for weave 2_2_1_1_3
ArealDensity : 9.4406e-07
E0_x : 27042017868.0
E0_y : 43398319983.2
E0_z : 6340788367.58
v0_xy : 0.0394327
v0_xz : 0.476526
v0_yx : 0.0632834
v0_yz : 0.430509
v0_zx : 0.111735
v0_zy : 0.0629003
G0_xy : 2153484755.26
G0_yz : -1.84573039587e+13
G0_zx : -1.84573039587e+13
