Results file for weave 2_2_1_2_3
ArealDensity : 9.204e-07
E0_x : 26562296641.9
E0_y : 51291677530.3
E0_z : 6964627965.0
v0_xy : 0.036089
v0_xz : 0.443703
v0_yx : 0.0696876
v0_yz : 0.395936
v0_zx : 0.116339
v0_zy : 0.0537621
G0_xy : 2338770502.99
G0_yz : 2.19427404015e+18
G0_zx : 2.19427404015e+18
