Results file for weave 3_4_1_1_1
ArealDensity : 1.2261e-06
E0_x : 30483907594.6
E0_y : 34726388171.4
E0_z : 6300874993.75
v0_xy : 0.0478955
v0_xz : 0.486168
v0_yx : 0.0545611
v0_yz : 0.431982
v0_zx : 0.100489
v0_zy : 0.0783802
G0_xy : 2139270698.62
G0_yz : -8.7709937798e+12
G0_zx : -8.7709937798e+12
