Results file for weave 2_4_1_4_2
ArealDensity : 1.2133e-06
E0_x : 27668771186.9
E0_y : 50811362626.4
E0_z : 9982041704.32
v0_xy : 0.043813
v0_xz : 0.330481
v0_yx : 0.0804588
v0_yz : 0.276842
v0_zx : 0.119228
v0_zy : 0.0543864
G0_xy : 2502025682.0
G0_yz : 7.33255250174e+13
G0_zx : 7.33255250174e+13
