Results file for weave 2_5_1_1_5
ArealDensity : 1.3948e-06
E0_x : 32377599416.0
E0_y : 28778968380.9
E0_z : 6247256030.3
v0_xy : 0.0571882
v0_xz : 0.486696
v0_yx : 0.050832
v0_yz : 0.432457
v0_zx : 0.0939079
v0_zy : 0.0938764
G0_xy : 2122656090.48
G0_yz : 9.70147720475e+12
G0_zx : 9.70147720475e+12
