Results file for weave 3_3_1_5_2
ArealDensity : 1.2603e-06
E0_x : 25923107695.8
E0_y : 36090719671.2
E0_z : 8490432278.05
v0_xy : 0.0555409
v0_xz : 0.374299
v0_yx : 0.0773253
v0_yz : 0.315304
v0_zx : 0.122592
v0_zy : 0.0741761
G0_xy : 2118734544.51
G0_yz : 1.11522430915e+13
G0_zx : 1.11522430915e+13
