Results file for weave 2_4_1_2_2
ArealDensity : 1.2618e-06
E0_x : 27031003708.8
E0_y : 33979465710.0
E0_z : 6448198595.21
v0_xy : 0.0460549
v0_xz : 0.512364
v0_yx : 0.0578936
v0_yz : 0.412145
v0_zx : 0.122224
v0_zy : 0.0782117
G0_xy : 2135911655.02
G0_yz : -1.86742607626e+14
G0_zx : -1.86742607626e+14
