Results file for weave 2_7_1_1_6
ArealDensity : 1.7884e-06
E0_x : 36858842015.4
E0_y : 29001582960.5
E0_z : 6443091903.76
v0_xy : 0.0589447
v0_xz : 0.470967
v0_yx : 0.0463794
v0_yz : 0.425886
v0_zx : 0.0823272
v0_zy : 0.0946163
G0_xy : 2204699981.22
G0_yz : 6.98406975221e+13
G0_zx : 6.98406975221e+13
