Results file for weave 2_3_1_1_4
ArealDensity : 1.0759e-06
E0_x : 28712620362.3
E0_y : 38159214012.5
E0_z : 6296257458.42
v0_xy : 0.0437311
v0_xz : 0.486041
v0_yx : 0.0581188
v0_yz : 0.432147
v0_zx : 0.106582
v0_zy : 0.0713041
G0_xy : 2133643187.93
G0_yz : -2.12012807187e+13
G0_zx : -2.12012807187e+13
