Results file for weave 2_3_1_1_3
ArealDensity : 1.0759e-06
E0_x : 28675174080.0
E0_y : 38159577756.4
E0_z : 6296190340.2
v0_xy : 0.0437666
v0_xz : 0.485484
v0_yx : 0.0582425
v0_yz : 0.432145
v0_zx : 0.106597
v0_zy : 0.0713024
G0_xy : 2133740738.76
G0_yz : -1.25508161843e+13
G0_zx : -1.25508161843e+13
