Results file for weave 2_2_1_1_2
ArealDensity : 9.4406e-07
E0_x : 27049925799.0
E0_y : 43410143943.5
E0_z : 6340676218.65
v0_xy : 0.0394269
v0_xz : 0.476236
v0_yx : 0.063273
v0_yz : 0.430581
v0_zx : 0.111633
v0_zy : 0.0628926
G0_xy : 2153922093.63
G0_yz : -1.67062910276e+13
G0_zx : -1.67062910276e+13
