Results file for weave 2_1_1_1_2
ArealDensity : 8.2992e-07
E0_x : 25904355072.6
E0_y : 51049965361.0
E0_z : 6444959056.05
v0_xy : 0.0352296
v0_xz : 0.45763
v0_yx : 0.0694274
v0_yz : 0.427345
v0_zx : 0.113857
v0_zy : 0.0539514
G0_xy : 2228348810.08
G0_yz : -1.17417522279e+14
G0_zx : -1.17417522279e+14
