Results file for weave 2_6_1_2_4
ArealDensity : 1.6218e-06
E0_x : 28836137872.6
E0_y : 29279632996.0
E0_z : 6369295720.11
v0_xy : 0.0541747
v0_xz : 0.496204
v0_yx : 0.0550079
v0_yz : 0.418436
v0_zx : 0.109601
v0_zy : 0.0910237
G0_xy : 2158297509.41
G0_yz : 3.53354347866e+18
G0_zx : 3.53354347866e+18
