Results file for weave 2_2_1_3_2
ArealDensity : 9.5781e-07
E0_x : 26213840390.5
E0_y : 50401089918.3
E0_z : 7440295370.58
v0_xy : 0.0386685
v0_xz : 0.413007
v0_yx : 0.0743475
v0_yz : 0.370543
v0_zx : 0.117224
v0_zy : 0.0547002
G0_xy : 2347838591.49
G0_yz : -1.27472358376e+14
G0_zx : -1.27472358376e+14
