Results file for weave 2_2_1_1_5
ArealDensity : 9.4406e-07
E0_x : 27112817993.1
E0_y : 43410565646.4
E0_z : 6340555146.89
v0_xy : 0.0393396
v0_xz : 0.477614
v0_yx : 0.0629869
v0_yz : 0.430571
v0_zx : 0.111694
v0_zy : 0.0628893
G0_xy : 2153481923.5
G0_yz : -4.00577581162e+13
G0_zx : -4.00577581162e+13
