Results file for weave 2_1_1_1_4
ArealDensity : 8.2992e-07
E0_x : 25913281841.1
E0_y : 51050114549.9
E0_z : 6445149289.7
v0_xy : 0.0352095
v0_xz : 0.457965
v0_yx : 0.069364
v0_yz : 0.427312
v0_zx : 0.113905
v0_zy : 0.0539488
G0_xy : 2228192118.19
G0_yz : -7.86361899901e+13
G0_zx : -7.86361899901e+13
