Results file for weave 2_2_1_1_1
ArealDensity : 9.4406e-07
E0_x : 26989043074.4
E0_y : 43411644458.7
E0_z : 6340809012.34
v0_xy : 0.0395199
v0_xz : 0.474878
v0_yx : 0.0635675
v0_yz : 0.430571
v0_zx : 0.111568
v0_zy : 0.0628902
G0_xy : 2153964588.13
G0_yz : -1.68610854457e+13
G0_zx : -1.68610854457e+13
