Results file for weave 3_2_1_3_2
ArealDensity : 1.0066e-06
E0_x : 25711432357.8
E0_y : 42138789865.8
E0_z : 7154743222.72
v0_xy : 0.0437374
v0_xz : 0.433121
v0_yx : 0.0716819
v0_yz : 0.378437
v0_zx : 0.120525
v0_zy : 0.0642548
G0_xy : 2157431210.58
G0_yz : -4.53102701187e+13
G0_zx : -4.53102701187e+13
