Results file for weave 1_2_1_6_2
ArealDensity : 1.1174e-06
E0_x : 26137726053.6
E0_y : 46423661162.3
E0_z : 9035686515.4
v0_xy : 0.0458793
v0_xz : 0.351379
v0_yx : 0.081487
v0_yz : 0.302521
v0_zx : 0.12147
v0_zy : 0.0588813
G0_xy : 2237673242.65
G0_yz : 2.54605405988e+13
G0_zx : 2.54605405988e+13
