Results file for weave 2_4_1_4_6
ArealDensity : 1.3791e-06
E0_x : 25994430288.4
E0_y : 29178510657.0
E0_z : 7648563828.36
v0_xy : 0.062818
v0_xz : 0.413655
v0_yx : 0.0705127
v0_yz : 0.345717
v0_zx : 0.121713
v0_zy : 0.0906229
G0_xy : 2081065794.2
G0_yz : 9.59977626425e+12
G0_zx : 9.59977626425e+12
