Results file for weave 2_1_1_1_5
ArealDensity : 8.2992e-07
E0_x : 25914316281.4
E0_y : 51052017914.4
E0_z : 6445166584.22
v0_xy : 0.0352051
v0_xz : 0.458019
v0_yx : 0.0693551
v0_yz : 0.427313
v0_zx : 0.113914
v0_zy : 0.053947
G0_xy : 2228147609.04
G0_yz : -1.42029357279e+14
G0_zx : -1.42029357279e+14
