Results file for weave 2_2_1_1_4
ArealDensity : 9.4406e-07
E0_x : 27112098797.3
E0_y : 43400156228.9
E0_z : 6341781142.27
v0_xy : 0.0393377
v0_xz : 0.477697
v0_yx : 0.0629705
v0_yz : 0.430456
v0_zx : 0.111738
v0_zy : 0.0628997
G0_xy : 2154462929.05
G0_yz : -2.09593644768e+13
G0_zx : -2.09593644768e+13
