Results file for weave 3_3_1_1_1
ArealDensity : 1.0759e-06
E0_x : 28478895790.5
E0_y : 38159188752.8
E0_z : 6296648092.82
v0_xy : 0.0439744
v0_xz : 0.482621
v0_yx : 0.0589218
v0_yz : 0.431965
v0_zx : 0.106707
v0_zy : 0.0712786
G0_xy : 2133863321.76
G0_yz : -9.54220205582e+12
G0_zx : -9.54220205582e+12
