Results file for weave 2_2_1_2_6
ArealDensity : 9.7124e-07
E0_x : 26127521332.6
E0_y : 43471746968.6
E0_z : 6642734512.02
v0_xy : 0.0404407
v0_xz : 0.460834
v0_yx : 0.0672865
v0_yz : 0.40891
v0_zx : 0.117164
v0_zy : 0.0624838
G0_xy : 2171636040.87
G0_yz : -3.94059769436e+17
G0_zx : -3.94059769436e+17
