Results file for weave 2_5_1_1_3
ArealDensity : 1.3948e-06
E0_x : 32438072673.9
E0_y : 28759226643.1
E0_z : 6246455069.35
v0_xy : 0.0571615
v0_xz : 0.488678
v0_yx : 0.0506787
v0_yz : 0.432399
v0_zx : 0.0941024
v0_zy : 0.0939163
G0_xy : 2123192722.5
G0_yz : 2.90488502576e+18
G0_zx : 2.90488524389e+18
