Results file for weave 2_4_1_1_2
ArealDensity : 1.2261e-06
E0_x : 30753394349.8
E0_y : 34726496952.7
E0_z : 6300918520.08
v0_xy : 0.0476668
v0_xz : 0.488898
v0_yx : 0.053825
v0_yz : 0.432274
v0_zx : 0.100168
v0_zy : 0.0784336
G0_xy : 2139160448.5
G0_yz : -1.15016568964e+13
G0_zx : -1.15016568964e+13
