Results file for weave 3_4_1_4_3
ArealDensity : 1.3791e-06
E0_x : 26028037618.0
E0_y : 29088930805.0
E0_z : 7714272687.98
v0_xy : 0.0629319
v0_xz : 0.415231
v0_yx : 0.0703327
v0_yz : 0.341862
v0_zx : 0.123068
v0_zy : 0.0906605
G0_xy : 2086644750.8
G0_yz : 1.96189871385e+13
G0_zx : 1.96189871385e+13
