Results file for weave 2_2_1_1_6
ArealDensity : 9.4406e-07
E0_x : 27073461209.4
E0_y : 43399192343.9
E0_z : 6340854208.1
v0_xy : 0.0393842
v0_xz : 0.477295
v0_yx : 0.0631335
v0_yz : 0.430471
v0_zx : 0.111787
v0_zy : 0.0628942
G0_xy : 2152952515.86
G0_yz : 3.32362889508e+15
G0_zx : 3.32362889508e+15
