Results file for weave 2_4_1_1_5
ArealDensity : 1.2261e-06
E0_x : 30755924442.7
E0_y : 34726524148.1
E0_z : 6300654065.57
v0_xy : 0.0476764
v0_xz : 0.489116
v0_yx : 0.0538314
v0_yz : 0.432253
v0_zx : 0.1002
v0_zy : 0.0784264
G0_xy : 2139037256.17
G0_yz : 1.59830472455e+13
G0_zx : 1.59830472455e+13
