Results file for weave 2_3_1_5_3
ArealDensity : 1.2603e-06
E0_x : 25947293848.5
E0_y : 36170910264.7
E0_z : 8549426618.52
v0_xy : 0.0553838
v0_xz : 0.375613
v0_yx : 0.0772058
v0_yz : 0.312541
v0_zx : 0.123761
v0_zy : 0.0738728
G0_xy : 2128686435.43
G0_yz : 1.07845802238e+13
G0_zx : 1.07845802238e+13
