Results file for weave 2_4_1_1_4
ArealDensity : 1.2261e-06
E0_x : 30436102341.5
E0_y : 34725233458.2
E0_z : 6299911507.85
v0_xy : 0.047733
v0_xz : 0.488756
v0_yx : 0.0544597
v0_yz : 0.431878
v0_zx : 0.101167
v0_zy : 0.0783521
G0_xy : 2137597593.46
G0_yz : -1.83353866811e+14
G0_zx : -1.83353866811e+14
