Results file for weave 2_2_1_2_5
ArealDensity : 9.7123e-07
E0_x : 26184232553.2
E0_y : 43469589975.3
E0_z : 6638798081.11
v0_xy : 0.0402377
v0_xz : 0.463612
v0_yx : 0.0668004
v0_yz : 0.409145
v0_zx : 0.117545
v0_zy : 0.0624857
G0_xy : 2175393206.18
G0_yz : 9.42238277229e+12
G0_zx : 9.42238277229e+12
