Results file for weave 2_2_1_3_3
ArealDensity : 1.0066e-06
E0_x : 25723488447.1
E0_y : 42087881559.4
E0_z : 7084677309.3
v0_xy : 0.0436852
v0_xz : 0.433757
v0_yx : 0.0714762
v0_yz : 0.382461
v0_zx : 0.119464
v0_zy : 0.0643799
G0_xy : 2156487513.35
G0_yz : 7.7464600455e+12
G0_zx : 7.7464600455e+12
