Results file for weave 3_2_1_6_1
ArealDensity : 1.1174e-06
E0_x : 26149513926.3
E0_y : 46364610407.3
E0_z : 9044638404.84
v0_xy : 0.0458672
v0_xz : 0.352662
v0_yx : 0.0813252
v0_yz : 0.301721
v0_zx : 0.121979
v0_zy : 0.0588586
G0_xy : 2243917073.25
G0_yz : 2.21837024414e+13
G0_zx : 2.21837024414e+13
