Results file for weave 2_6_1_2_3
ArealDensity : 1.6218e-06
E0_x : 28957722880.1
E0_y : 29156583094.5
E0_z : 6382021092.01
v0_xy : 0.0541972
v0_xz : 0.497448
v0_yx : 0.0545694
v0_yz : 0.41759
v0_zx : 0.109633
v0_zy : 0.0914054
G0_xy : 2163017282.26
G0_yz : 5.28529526885e+18
G0_zx : 5.28529526885e+18
