Results file for weave 2_7_1_1_3
ArealDensity : 1.7884e-06
E0_x : 37100003984.0
E0_y : 29039916423.0
E0_z : 6451171660.7
v0_xy : 0.0588304
v0_xz : 0.471627
v0_yx : 0.0460493
v0_yz : 0.425663
v0_zx : 0.0820094
v0_zy : 0.0945604
G0_xy : 2206247017.84
G0_yz : 8.20212027438e+13
G0_zx : 8.20212027438e+13
