Results file for weave 2_6_1_1_3
ArealDensity : 1.5822e-06
E0_x : 35485946319.4
E0_y : 29259617441.0
E0_z : 6361557784.22
v0_xy : 0.0571986
v0_xz : 0.482891
v0_yx : 0.0471626
v0_yz : 0.429167
v0_zx : 0.0865678
v0_zy : 0.0933084
G0_xy : 2182399641.49
G0_yz : 1.54818076155e+13
G0_zx : 1.54818076155e+13
