Results file for weave 2_6_1_1_2
ArealDensity : 1.5822e-06
E0_x : 35600458971.7
E0_y : 29258886770.2
E0_z : 6360780027.32
v0_xy : 0.0571321
v0_xz : 0.483697
v0_yx : 0.0469551
v0_yz : 0.429298
v0_zx : 0.0864228
v0_zy : 0.093328
G0_xy : 2181985945.98
G0_yz : -1.0157112186e+14
G0_zx : -1.0157112186e+14
