Results file for weave 2_2_1_2_2
ArealDensity : 9.7123e-07
E0_x : 26199493676.9
E0_y : 43453042666.6
E0_z : 6644271916.91
v0_xy : 0.0401775
v0_xz : 0.464733
v0_yx : 0.0666362
v0_yz : 0.408516
v0_zx : 0.117858
v0_zy : 0.062465
G0_xy : 2175290102.34
G0_yz : -1.3652633697e+13
G0_zx : -1.3652633697e+13
