Results file for weave 2_1_1_1_3
ArealDensity : 8.2992e-07
E0_x : 25910917383.7
E0_y : 51050761045.0
E0_z : 6445136030.62
v0_xy : 0.0352143
v0_xz : 0.457881
v0_yx : 0.0693806
v0_yz : 0.427324
v0_zx : 0.113894
v0_zy : 0.0539495
G0_xy : 2228235664.47
G0_yz : -7.28543855194e+13
G0_zx : -7.28543855194e+13
