Results file for weave 2_3_1_1_5
ArealDensity : 1.0759e-06
E0_x : 28520049168.8
E0_y : 38170710662.8
E0_z : 6296992551.54
v0_xy : 0.0438589
v0_xz : 0.484591
v0_yx : 0.0587
v0_yz : 0.431945
v0_zx : 0.106994
v0_zy : 0.0712576
G0_xy : 2132319047.42
G0_yz : 1.07071825656e+17
G0_zx : 1.07071825656e+17
