Results file for weave 2_4_1_2_5
ArealDensity : 1.2618e-06
E0_x : 27087503352.8
E0_y : 33979033085.0
E0_z : 6438016302.67
v0_xy : 0.0461751
v0_xz : 0.509707
v0_yx : 0.0579229
v0_yz : 0.413199
v0_zx : 0.121145
v0_zy : 0.078289
G0_xy : 2135102832.6
G0_yz : -8.7242469628e+12
G0_zx : -8.7242469628e+12
