Results file for weave 2_6_1_1_4
ArealDensity : 1.5822e-06
E0_x : 34760040339.1
E0_y : 29250264046.8
E0_z : 6353565790.08
v0_xy : 0.0576296
v0_xz : 0.477837
v0_yx : 0.0484948
v0_yz : 0.429192
v0_zx : 0.0873407
v0_zy : 0.0932265
G0_xy : 2179087741.54
G0_yz : 3.94028658134e+14
G0_zx : 3.94028658134e+14
