Results file for weave 2_6_1_1_1
ArealDensity : 1.5822e-06
E0_x : 35480420509.7
E0_y : 29259154084.5
E0_z : 6361157931.65
v0_xy : 0.0572058
v0_xz : 0.482815
v0_yx : 0.0471752
v0_yz : 0.429192
v0_zx : 0.0865622
v0_zy : 0.0933096
G0_xy : 2182359322.41
G0_yz : -1.77778919986e+13
G0_zx : -1.77778919986e+13
