Results file for weave 2_4_1_1_6
ArealDensity : 1.2261e-06
E0_x : 30753377943.3
E0_y : 34726540883.8
E0_z : 6300891522.67
v0_xy : 0.0476651
v0_xz : 0.488907
v0_yx : 0.0538232
v0_yz : 0.432275
v0_zx : 0.10017
v0_zy : 0.0784332
G0_xy : 2139216842.31
G0_yz : 9.91493970066e+12
G0_zx : 9.91493970066e+12
