Results file for weave 2_4_1_1_3
ArealDensity : 1.2261e-06
E0_x : 30755648770.3
E0_y : 34726678953.7
E0_z : 6300817143.23
v0_xy : 0.047679
v0_xz : 0.489064
v0_yx : 0.0538351
v0_yz : 0.432247
v0_zx : 0.100193
v0_zy : 0.0784269
G0_xy : 2139077387.37
G0_yz : -1.62939722408e+13
G0_zx : -1.62939722408e+13
