Results file for weave 3_2_1_3_1
ArealDensity : 1.0066e-06
E0_x : 25722111085.5
E0_y : 42087061118.8
E0_z : 7083887494.94
v0_xy : 0.0436857
v0_xz : 0.433755
v0_yx : 0.0714795
v0_yz : 0.382521
v0_zx : 0.119456
v0_zy : 0.064384
G0_xy : 2156287206.64
G0_yz : -8.76628271509e+12
G0_zx : -8.76628271509e+12
