Results file for weave 2_3_1_1_6
ArealDensity : 1.0759e-06
E0_x : 28709734647.4
E0_y : 38159618172.9
E0_z : 6296234902.13
v0_xy : 0.0437354
v0_xz : 0.486002
v0_yx : 0.0581311
v0_yz : 0.432151
v0_zx : 0.106583
v0_zy : 0.0713038
G0_xy : 2133539328.84
G0_yz : 2.07135422177e+13
G0_zx : 2.07135422177e+13
