Results file for weave 3_4_1_2_3
ArealDensity : 1.2618e-06
E0_x : 27089033373.2
E0_y : 33979321500.4
E0_z : 6438122717.78
v0_xy : 0.0461764
v0_xz : 0.509665
v0_yx : 0.0579216
v0_yz : 0.413212
v0_zx : 0.12113
v0_zy : 0.078292
G0_xy : 2135360981.64
G0_yz : 1.04732325547e+13
G0_zx : 1.04732325547e+13
