Results file for weave 2_3_1_1_2
ArealDensity : 1.0759e-06
E0_x : 28612032459.4
E0_y : 38159446403.7
E0_z : 6296515491.77
v0_xy : 0.0438326
v0_xz : 0.48453
v0_yx : 0.0584589
v0_yz : 0.432088
v0_zx : 0.106628
v0_zy : 0.0712968
G0_xy : 2133900984.1
G0_yz : -9.82749322857e+12
G0_zx : -9.82749322857e+12
