Results file for weave 2_5_1_1_4
ArealDensity : 1.3948e-06
E0_x : 32527665481.1
E0_y : 28771002380.3
E0_z : 6246604523.15
v0_xy : 0.0571359
v0_xz : 0.487911
v0_yx : 0.0505372
v0_yz : 0.432619
v0_zx : 0.0936983
v0_zy : 0.0939279
G0_xy : 2122488026.6
G0_yz : 1.48710951915e+13
G0_zx : 1.48710951915e+13
