Results file for weave 2_2_1_1_5
ArealDensity : 9.2209e-07
E0_x : 29120609475.2
E0_y : 50020899339.2
E0_z : 6526849565.67
v0_xy : 0.0360895
v0_xz : 0.456218
v0_yx : 0.0619915
v0_yz : 0.428505
v0_zx : 0.102253
v0_zy : 0.0559124
G0_xy : 2218377051.78
G0_yz : -9.15706913316e+13
G0_zx : -9.15706913316e+13
