Results file for weave 3_2_1_2_2
ArealDensity : 9.3882e-07
E0_x : 25856134134.1
E0_y : 44583622280.7
E0_z : 6516762325.12
v0_xy : 0.0401054
v0_xz : 0.45295
v0_yx : 0.0691536
v0_yz : 0.418295
v0_zx : 0.114161
v0_zy : 0.0611419
G0_xy : 2144411696.69
G0_yz : -3.02361494535e+13
G0_zx : -3.02361494535e+13
