Results file for weave 3_5_1_3_4
ArealDensity : 1.2476e-06
E0_x : 28344848680.0
E0_y : 30990101002.0
E0_z : 6727138312.56
v0_xy : 0.0545178
v0_xz : 0.464035
v0_yx : 0.0596056
v0_yz : 0.398059
v0_zx : 0.11013
v0_zy : 0.0864083
G0_xy : 2038389595.76
G0_yz : -4.87531043145e+13
G0_zx : -4.87531043145e+13
