Results file for weave 2_7_1_1_6
ArealDensity : 1.3987e-06
E0_x : 33866759994.3
E0_y : 31330131100.0
E0_z : 6306146601.18
v0_xy : 0.0553488
v0_xz : 0.461596
v0_yx : 0.0512031
v0_yz : 0.435436
v0_zx : 0.0859514
v0_zy : 0.0876447
G0_xy : 2105279714.07
G0_yz : -3.45608090412e+15
G0_zx : -3.45608090412e+15
