Results file for weave 2_6_1_1_4
ArealDensity : 1.2884e-06
E0_x : 31763261047.9
E0_y : 30604861853.8
E0_z : 6217681519.3
v0_xy : 0.0556983
v0_xz : 0.467204
v0_yx : 0.053667
v0_yz : 0.437686
v0_zx : 0.0914555
v0_zy : 0.0889202
G0_xy : 2054627721.24
G0_yz : -1.9584166451e+14
G0_zx : -1.9584166451e+14
