Results file for weave 2_6_1_2_3
ArealDensity : 1.3135e-06
E0_x : 29099670725.0
E0_y : 31120142959.6
E0_z : 6301116875.54
v0_xy : 0.0523481
v0_xz : 0.484928
v0_yx : 0.0559828
v0_yz : 0.42646
v0_zx : 0.105004
v0_zy : 0.0863484
G0_xy : 2065020751.71
G0_yz : -2.91424059406e+13
G0_zx : -2.91424059406e+13
