Results file for weave 2_4_1_2_2
ArealDensity : 1.1125e-06
E0_x : 28821213232.4
E0_y : 43271853515.1
E0_z : 6603455579.05
v0_xy : 0.0390078
v0_xz : 0.484226
v0_yx : 0.0585659
v0_yz : 0.415265
v0_zx : 0.110945
v0_zy : 0.063371
G0_xy : 2180686931.39
G0_yz : 5.24432351352e+14
G0_zx : 5.24432351352e+14
