Results file for weave 2_4_1_4_6
ArealDensity : 1.1854e-06
E0_x : 28487939678.3
E0_y : 36322198659.2
E0_z : 7647123863.55
v0_xy : 0.0523058
v0_xz : 0.406828
v0_yx : 0.06669
v0_yz : 0.356336
v0_zx : 0.109206
v0_zy : 0.0750216
G0_xy : 2102627585.49
G0_yz : -9.34015313907e+12
G0_zx : -9.34015313907e+12
