Results file for weave 2_2_1_1_6
ArealDensity : 9.221e-07
E0_x : 28881719492.8
E0_y : 49307273510.8
E0_z : 6497232320.86
v0_xy : 0.0364931
v0_xz : 0.457063
v0_yx : 0.0623015
v0_yz : 0.42947
v0_zx : 0.102821
v0_zy : 0.0565914
G0_xy : 2208025974.74
G0_yz : -4.02253549886e+16
G0_zx : -4.02253549886e+16
