Results file for weave 2_5_1_1_4
ArealDensity : 1.1853e-06
E0_x : 31422830647.0
E0_y : 38988488739.4
E0_z : 6396871770.04
v0_xy : 0.0448736
v0_xz : 0.465521
v0_yx : 0.0556777
v0_yz : 0.432471
v0_zx : 0.0947679
v0_zy : 0.0709559
G0_xy : 2146144835.18
G0_yz : 4.44483858457e+13
G0_zx : 4.44483858457e+13
