Results file for weave 2_6_1_1_6
ArealDensity : 1.2884e-06
E0_x : 32317641100.3
E0_y : 31205915047.0
E0_z : 6249236297.87
v0_xy : 0.054624
v0_xz : 0.468853
v0_yx : 0.052745
v0_yz : 0.436763
v0_zx : 0.0906618
v0_zy : 0.0874652
G0_xy : 2065516318.87
G0_yz : -9.1143572041e+13
G0_zx : -9.1143572041e+13
