Results file for weave 2_2_1_3_6
ArealDensity : 9.5951e-07
E0_x : 25832349066.7
E0_y : 45124002179.2
E0_z : 6874346472.9
v0_xy : 0.0411418
v0_xz : 0.432807
v0_yx : 0.0718666
v0_yz : 0.397156
v0_zx : 0.115176
v0_zy : 0.0605041
G0_xy : 2162257357.96
G0_yz : 1.19820949401e+14
G0_zx : 1.19820949401e+14
