Results file for weave 2_4_1_1_3
ArealDensity : 1.0899e-06
E0_x : 30623640292.4
E0_y : 40427875427.9
E0_z : 6389777755.64
v0_xy : 0.0431579
v0_xz : 0.466432
v0_yx : 0.056975
v0_yz : 0.432895
v0_zx : 0.0973234
v0_zy : 0.0684207
G0_xy : 2130785575.78
G0_yz : -3.77196305686e+13
G0_zx : -3.77196305686e+13
