Results file for weave 2_4_1_2_1
ArealDensity : 1.1125e-06
E0_x : 28834063761.2
E0_y : 43266329051.5
E0_z : 6598206451.09
v0_xy : 0.0390608
v0_xz : 0.483314
v0_yx : 0.0586118
v0_yz : 0.415737
v0_zx : 0.110599
v0_zy : 0.0634008
G0_xy : 2180920444.47
G0_yz : -3.48049969056e+13
G0_zx : -3.48049969056e+13
