Results file for weave 2_2_1_2_3
ArealDensity : 9.3882e-07
E0_x : 28421989137.4
E0_y : 49013165781.9
E0_z : 6755401129.91
v0_xy : 0.0372546
v0_xz : 0.448077
v0_yx : 0.0642449
v0_yz : 0.411523
v0_zx : 0.1065
v0_zy : 0.0567195
G0_xy : 2210549034.47
G0_yz : -2.65107185086e+14
G0_zx : -2.65107185086e+14
