Results file for weave 2_2_1_2_6
ArealDensity : 9.3882e-07
E0_x : 28188594108.7
E0_y : 48217225679.1
E0_z : 6720287200.49
v0_xy : 0.0377794
v0_xz : 0.448102
v0_yx : 0.0646225
v0_yz : 0.412872
v0_zx : 0.10683
v0_zy : 0.0575441
G0_xy : 2199522121.78
G0_yz : 3.01732519665e+14
G0_zx : 3.01732519665e+14
