Results file for weave 2_2_1_2_2
ArealDensity : 9.3882e-07
E0_x : 28203596387.0
E0_y : 48261832221.2
E0_z : 6715061646.06
v0_xy : 0.0376708
v0_xz : 0.449067
v0_yx : 0.0644621
v0_yz : 0.413254
v0_zx : 0.106919
v0_zy : 0.0574993
G0_xy : 2200507765.58
G0_yz : -2.91779745685e+13
G0_zx : -2.91779745685e+13
