Results file for weave 2_2_1_3_4
ArealDensity : 9.5951e-07
E0_x : 28167578073.4
E0_y : 49198269835.8
E0_z : 7074998572.67
v0_xy : 0.0385031
v0_xz : 0.427232
v0_yx : 0.0672506
v0_yz : 0.393444
v0_zx : 0.10731
v0_zy : 0.0565795
G0_xy : 2224403916.03
G0_yz : -6.0252557318e+13
G0_zx : -6.0252557318e+13
