Results file for weave 2_2_1_3_2
ArealDensity : 9.5951e-07
E0_x : 28399823446.2
E0_y : 50055720829.6
E0_z : 7105700482.45
v0_xy : 0.0379828
v0_xz : 0.426366
v0_yx : 0.066946
v0_yz : 0.392585
v0_zx : 0.106678
v0_zy : 0.0557297
G0_xy : 2237298483.9
G0_yz : 1.81445466493e+14
G0_zx : 1.81445466493e+14
