Results file for weave 3_7_1_1_3
ArealDensity : 1.3987e-06
E0_x : 30189024560.7
E0_y : 29932550456.2
E0_z : 6186436368.15
v0_xy : 0.0570243
v0_xz : 0.46375
v0_yx : 0.0565398
v0_yz : 0.436882
v0_zx : 0.0950332
v0_zy : 0.0902945
G0_xy : 2059817839.19
G0_yz : 4.31753199419e+24
G0_zx : 4.29070779777e+24
