Results file for weave 3_4_1_1_3
ArealDensity : 1.0899e-06
E0_x : 30355891761.1
E0_y : 39930700265.5
E0_z : 6363992802.95
v0_xy : 0.0435777
v0_xz : 0.467077
v0_yx : 0.0573229
v0_yz : 0.433738
v0_zx : 0.0979208
v0_zy : 0.0691275
G0_xy : 2123138671.75
G0_yz : -3.10144247973e+13
G0_zx : -3.10144247973e+13
