Results file for weave 2_2_1_1_2
ArealDensity : 9.2209e-07
E0_x : 28862775885.0
E0_y : 49300138580.3
E0_z : 6497167293.57
v0_xy : 0.0365199
v0_xz : 0.456635
v0_yx : 0.0623792
v0_yz : 0.429472
v0_zx : 0.102791
v0_zy : 0.0565992
G0_xy : 2208415085.26
G0_yz : -4.78108780327e+13
G0_zx : -4.78108780327e+13
