Results file for weave 2_3_1_5_3
ArealDensity : 1.1128e-06
E0_x : 28588367144.6
E0_y : 45390581825.1
E0_z : 8236294448.78
v0_xy : 0.044849
v0_xz : 0.379202
v0_yx : 0.071208
v0_yz : 0.336231
v0_zx : 0.109248
v0_zy : 0.0610103
G0_xy : 2201252319.1
G0_yz : 3.27089548871e+14
G0_zx : 3.27089548871e+14
