Results file for weave 2_2_1_6_3
ArealDensity : 1.023e-06
E0_x : 28760598356.1
E0_y : 54243897950.9
E0_z : 8427289052.91
v0_xy : 0.0390951
v0_xz : 0.365906
v0_yx : 0.0737353
v0_yz : 0.333668
v0_zx : 0.107216
v0_zy : 0.0518384
G0_xy : 2331070638.91
G0_yz : 5.1333860244e+13
G0_zx : 5.1333860244e+13
