Results file for weave 3_2_1_6_2
ArealDensity : 1.023e-06
E0_x : 28772536059.9
E0_y : 54280320806.1
E0_z : 8428345737.22
v0_xy : 0.0391308
v0_xz : 0.365077
v0_yx : 0.0738215
v0_yz : 0.333795
v0_zx : 0.106942
v0_zy : 0.0518298
G0_xy : 2331226899.68
G0_yz : 6.74706675802e+13
G0_zx : 6.74706675802e+13
