Results file for weave 2_7_1_1_1
ArealDensity : 1.3987e-06
E0_x : 33883222431.2
E0_y : 31373936291.5
E0_z : 6308227341.01
v0_xy : 0.0552798
v0_xz : 0.46138
v0_yx : 0.0511859
v0_yz : 0.435434
v0_zx : 0.0858977
v0_zy : 0.0875509
G0_xy : 2104726031.17
G0_yz : -2.35023046241e+14
G0_zx : -2.35023046241e+14
