Results file for weave 3_6_1_1_1
ArealDensity : 1.2884e-06
E0_x : 32282295402.5
E0_y : 31197335815.3
E0_z : 6248938229.35
v0_xy : 0.054668
v0_xz : 0.468243
v0_yx : 0.0528307
v0_yz : 0.436761
v0_zx : 0.0906387
v0_zy : 0.0874849
G0_xy : 2064886778.7
G0_yz : -2.91480641488e+13
G0_zx : -2.91480641488e+13
