Results file for weave 2_5_1_1_6
ArealDensity : 1.1853e-06
E0_x : 31131272004.2
E0_y : 39002910316.1
E0_z : 6397437995.15
v0_xy : 0.0450671
v0_xz : 0.462713
v0_yx : 0.0564624
v0_yz : 0.432327
v0_zx : 0.0950869
v0_zy : 0.0709123
G0_xy : 2145879726.84
G0_yz : -4.38468032745e+14
G0_zx : -4.38468032745e+14
