Results file for weave 2_2_1_2_1
ArealDensity : 9.3882e-07
E0_x : 25854679912.7
E0_y : 44563466856.6
E0_z : 6514230809.45
v0_xy : 0.040144
v0_xz : 0.452759
v0_yx : 0.0691928
v0_yz : 0.418406
v0_zx : 0.114075
v0_zy : 0.061162
G0_xy : 2144169985.03
G0_yz : -2.51643671719e+13
G0_zx : -2.51643671719e+13
