Results file for weave 2_2_1_1_3
ArealDensity : 9.2209e-07
E0_x : 28869451031.6
E0_y : 49299168861.5
E0_z : 6497194241.66
v0_xy : 0.0365148
v0_xz : 0.456781
v0_yx : 0.0623549
v0_yz : 0.429463
v0_zx : 0.1028
v0_zy : 0.0565994
G0_xy : 2208165226.71
G0_yz : -5.74800846461e+13
G0_zx : -5.74800846461e+13
