Results file for weave 3_2_1_2_3
ArealDensity : 9.3882e-07
E0_x : 28197757971.7
E0_y : 48231385877.3
E0_z : 6725953427.14
v0_xy : 0.0377082
v0_xz : 0.449133
v0_yx : 0.0644987
v0_yz : 0.412385
v0_zx : 0.107131
v0_zy : 0.0575078
G0_xy : 2200044589.73
G0_yz : 5.79122900819e+14
G0_zx : 5.79122900819e+14
