Results file for weave 2_6_1_2_5
ArealDensity : 1.3135e-06
E0_x : 29327398483.3
E0_y : 31474692313.4
E0_z : 6321463747.39
v0_xy : 0.0518343
v0_xz : 0.484535
v0_yx : 0.0556295
v0_yz : 0.426139
v0_zx : 0.104441
v0_zy : 0.0855869
G0_xy : 2068122606.57
G0_yz : -5.19675084435e+13
G0_zx : -5.19675084435e+13
