Results file for weave 2_4_1_1_2
ArealDensity : 1.0899e-06
E0_x : 30349256184.8
E0_y : 39938399384.7
E0_z : 6364408751.59
v0_xy : 0.0435822
v0_xz : 0.466741
v0_yx : 0.0573524
v0_yz : 0.433764
v0_zx : 0.0978783
v0_zy : 0.0691227
G0_xy : 2123286066.63
G0_yz : -3.02695930913e+13
G0_zx : -3.02695930913e+13
