Results file for weave 2_6_1_2_2
ArealDensity : 1.3135e-06
E0_x : 29093878347.5
E0_y : 31110459001.6
E0_z : 6297984318.84
v0_xy : 0.0524343
v0_xz : 0.48414
v0_yx : 0.0560687
v0_yz : 0.426706
v0_zx : 0.104802
v0_zy : 0.0863822
G0_xy : 2065317637.25
G0_yz : -6.1746152408e+13
G0_zx : -6.1746152408e+13
