Results file for weave 2_4_1_4_4
ArealDensity : 1.1854e-06
E0_x : 25086662687.2
E0_y : 33086634242.2
E0_z : 7453632948.96
v0_xy : 0.056586
v0_xz : 0.410594
v0_yx : 0.0746309
v0_yz : 0.355626
v0_zx : 0.121994
v0_zy : 0.0801141
G0_xy : 2057224440.29
G0_yz : -3.72862017287e+23
G0_zx : -3.72927612826e+23
