Results file for weave 2_3_1_5_4
ArealDensity : 1.1128e-06
E0_x : 28590295456.0
E0_y : 45422982339.9
E0_z : 8235110311.18
v0_xy : 0.0448844
v0_xz : 0.378103
v0_yx : 0.0713103
v0_yz : 0.336485
v0_zx : 0.108908
v0_zy : 0.0610042
G0_xy : 2200074145.46
G0_yz : 2.50502689585e+14
G0_zx : 2.50502689585e+14
