Results file for weave 2_3_1_1_1
ArealDensity : 1.0022e-06
E0_x : 29523754402.2
E0_y : 44980017236.6
E0_z : 6439399973.54
v0_xy : 0.0393991
v0_xz : 0.461535
v0_yx : 0.0600253
v0_yz : 0.431409
v0_zx : 0.100665
v0_zy : 0.0617612
G0_xy : 2168963570.37
G0_yz : -3.29863166646e+13
G0_zx : -3.29863166646e+13
