Results file for weave 2_4_1_1_4
ArealDensity : 1.0899e-06
E0_x : 30311199286.5
E0_y : 39931068140.0
E0_z : 6364500380.01
v0_xy : 0.0436304
v0_xz : 0.466408
v0_yx : 0.0574774
v0_yz : 0.433748
v0_zx : 0.0979326
v0_zy : 0.0691339
G0_xy : 2123225004.13
G0_yz : 2.77059585299e+14
G0_zx : 2.77059585299e+14
