Results file for weave 2_4_1_2_3
ArealDensity : 1.1125e-06
E0_x : 29068720628.2
E0_y : 43911749146.8
E0_z : 6629020683.39
v0_xy : 0.0386055
v0_xz : 0.482546
v0_yx : 0.0583181
v0_yz : 0.414684
v0_zx : 0.110043
v0_zy : 0.0626017
G0_xy : 2190508296.3
G0_yz : 2.3826836254e+13
G0_zx : 2.3826836254e+13
