Results file for weave 2_3_1_1_4
ArealDensity : 1.0022e-06
E0_x : 29606122516.3
E0_y : 44981336921.0
E0_z : 6439608294.84
v0_xy : 0.0393189
v0_xz : 0.462792
v0_yx : 0.0597382
v0_yz : 0.431422
v0_zx : 0.100662
v0_zy : 0.0617631
G0_xy : 2168944115.1
G0_yz : -3.88147248421e+13
G0_zx : -3.88147248421e+13
