Results file for weave 2_1_1_1_6
ArealDensity : 8.2992e-07
E0_x : 25916429685.1
E0_y : 51051163417.3
E0_z : 6445192526.18
v0_xy : 0.0352008
v0_xz : 0.458096
v0_yx : 0.0693398
v0_yz : 0.4273
v0_zx : 0.113924
v0_zy : 0.0539465
G0_xy : 2228191153.58
G0_yz : -3.10109078929e+14
G0_zx : -3.10109078929e+14
