Results file for weave 2_6_1_2_4
ArealDensity : 1.3135e-06
E0_x : 29309397761.6
E0_y : 31475321302.4
E0_z : 6322500406.72
v0_xy : 0.051898
v0_xz : 0.483985
v0_yx : 0.0557332
v0_yz : 0.426028
v0_zx : 0.104403
v0_zy : 0.0855769
G0_xy : 2068463135.06
G0_yz : 1.79786981633e+14
G0_zx : 1.79786981633e+14
