Results file for weave 2_4_1_2_6
ArealDensity : 1.1125e-06
E0_x : 26491806342.3
E0_y : 39674810430.9
E0_z : 6421390417.17
v0_xy : 0.0419636
v0_xz : 0.486514
v0_yx : 0.0628457
v0_yz : 0.418979
v0_zx : 0.117927
v0_zy : 0.067812
G0_xy : 2130496279.64
G0_yz : 2.77163096713e+13
G0_zx : 2.77163096713e+13
