Results file for weave 2_3_1_1_5
ArealDensity : 1.0022e-06
E0_x : 29565492167.6
E0_y : 44986388237.0
E0_z : 6439360267.42
v0_xy : 0.0393589
v0_xz : 0.462219
v0_yx : 0.0598878
v0_yz : 0.431471
v0_zx : 0.100671
v0_zy : 0.0617608
G0_xy : 2168593457.91
G0_yz : -7.89637942579e+18
G0_zx : -7.89637942579e+18
