Results file for weave 3_6_1_1_2
ArealDensity : 1.2884e-06
E0_x : 31978858471.9
E0_y : 30597954585.4
E0_z : 6218327543.51
v0_xy : 0.0555402
v0_xz : 0.469085
v0_yx : 0.0531419
v0_yz : 0.437794
v0_zx : 0.0912142
v0_zy : 0.0889714
G0_xy : 2054954677.64
G0_yz : -1.79204838644e+14
G0_zx : -1.79204838644e+14
