Results file for weave 2_2_1_2_4
ArealDensity : 9.3882e-07
E0_x : 28205365495.6
E0_y : 48259771641.1
E0_z : 6715095438.24
v0_xy : 0.0376693
v0_xz : 0.44913
v0_yx : 0.0644528
v0_yz : 0.413244
v0_zx : 0.106928
v0_zy : 0.0575008
G0_xy : 2200566230.7
G0_yz : 4.0054961141e+13
G0_zx : 4.0054961141e+13
