Results file for weave 3_3_1_1_4
ArealDensity : 1.0022e-06
E0_x : 26795828672.4
E0_y : 41245585012.6
E0_z : 6254110768.98
v0_xy : 0.0421817
v0_xz : 0.465239
v0_yx : 0.0649283
v0_yz : 0.435794
v0_zx : 0.108586
v0_zy : 0.06608
G0_xy : 2108266401.72
G0_yz : -8.65608343624e+13
G0_zx : -8.65608343624e+13
