Results file for weave 2_4_1_1_1
ArealDensity : 1.0899e-06
E0_x : 30262967779.9
E0_y : 39930177508.0
E0_z : 6363888824.28
v0_xy : 0.0436558
v0_xz : 0.46594
v0_yx : 0.0576012
v0_yz : 0.43369
v0_zx : 0.0979807
v0_zy : 0.0691196
G0_xy : 2122893476.03
G0_yz : -2.80930303452e+13
G0_zx : -2.80930303452e+13
