Results file for weave 3_4_1_1_1
ArealDensity : 1.0899e-06
E0_x : 30535253074.9
E0_y : 40427504012.9
E0_z : 6389726760.27
v0_xy : 0.0432349
v0_xz : 0.465326
v0_yx : 0.0572413
v0_yz : 0.432843
v0_zx : 0.0973728
v0_zy : 0.0684125
G0_xy : 2130692579.17
G0_yz : -2.97064236865e+13
G0_zx : -2.97064236865e+13
