Results file for weave 2_4_1_1_5
ArealDensity : 1.0899e-06
E0_x : 30348891887.5
E0_y : 39929610511.5
E0_z : 6363706167.29
v0_xy : 0.0435844
v0_xz : 0.46702
v0_yx : 0.0573434
v0_yz : 0.43375
v0_zx : 0.0979271
v0_zy : 0.0691281
G0_xy : 2123020320.21
G0_yz : 4.4537343304e+13
G0_zx : 4.4537343304e+13
