Results file for weave 2_2_1_2_5
ArealDensity : 9.3882e-07
E0_x : 28427974059.7
E0_y : 49020951552.8
E0_z : 6745497261.87
v0_xy : 0.0372635
v0_xz : 0.447646
v0_yx : 0.0642569
v0_yz : 0.412327
v0_zx : 0.106219
v0_zy : 0.056738
G0_xy : 2211431377.81
G0_yz : 3.54017151847e+13
G0_zx : 3.54017151847e+13
