Results file for weave 3_4_1_2_3
ArealDensity : 1.1125e-06
E0_x : 28834207987.3
E0_y : 43266335546.2
E0_z : 6598220951.63
v0_xy : 0.0390601
v0_xz : 0.483324
v0_yx : 0.0586105
v0_yz : 0.415735
v0_zx : 0.110601
v0_zy : 0.0634006
G0_xy : 2180908695.02
G0_yz : 2.47119159736e+13
G0_zx : 2.47119159736e+13
