Results file for weave 2_2_1_3_3
ArealDensity : 9.5951e-07
E0_x : 28400995974.9
E0_y : 50051935331.7
E0_z : 7089725412.82
v0_xy : 0.0379738
v0_xz : 0.426429
v0_yx : 0.0669225
v0_yz : 0.393547
v0_zx : 0.106449
v0_zy : 0.0557449
G0_xy : 2237044825.28
G0_yz : 4.28445911465e+13
G0_zx : 4.28445911465e+13
