Results file for weave 2_5_1_1_1
ArealDensity : 1.1853e-06
E0_x : 31358599929.7
E0_y : 38985532934.6
E0_z : 6396708225.17
v0_xy : 0.04492
v0_xz : 0.464926
v0_yx : 0.0558453
v0_yz : 0.432421
v0_zx : 0.0948382
v0_zy : 0.0709513
G0_xy : 2146034386.72
G0_yz : -2.49114529502e+13
G0_zx : -2.49114529502e+13
