Results file for weave 2_6_1_1_3
ArealDensity : 1.2884e-06
E0_x : 32281713289.7
E0_y : 31197342568.7
E0_z : 6248934977.85
v0_xy : 0.0546681
v0_xz : 0.468243
v0_yx : 0.0528318
v0_yz : 0.436761
v0_zx : 0.0906402
v0_zy : 0.0874847
G0_xy : 2064882755.04
G0_yz : 3.84797484372e+13
G0_zx : 3.84797484372e+13
