Results file for weave 2_5_1_1_5
ArealDensity : 1.1853e-06
E0_x : 31357743611.0
E0_y : 38984908080.5
E0_z : 6396712200.12
v0_xy : 0.0449199
v0_xz : 0.46494
v0_yx : 0.0558458
v0_yz : 0.432419
v0_zx : 0.0948439
v0_zy : 0.070952
G0_xy : 2145948490.21
G0_yz : 2.84049467572e+13
G0_zx : 2.84049467572e+13
