Results file for weave 3_2_1_1_2
ArealDensity : 9.2209e-07
E0_x : 26355619268.2
E0_y : 45167723705.4
E0_z : 6304221111.62
v0_xy : 0.0391927
v0_xz : 0.459955
v0_yx : 0.0671676
v0_yz : 0.434441
v0_zx : 0.11002
v0_zy : 0.0606365
G0_xy : 2147336970.02
G0_yz : -4.26869442077e+13
G0_zx : -4.26869442077e+13
