Results file for weave 3_3_1_1_3
ArealDensity : 1.0022e-06
E0_x : 26790140162.3
E0_y : 41245803395.8
E0_z : 6254286102.95
v0_xy : 0.0421871
v0_xz : 0.465123
v0_yx : 0.0649508
v0_yz : 0.43578
v0_zx : 0.108585
v0_zy : 0.0660792
G0_xy : 2108462327.72
G0_yz : -4.15589475478e+13
G0_zx : -4.15589475478e+13
