Results file for weave 2_5_1_3_4
ArealDensity : 1.4918e-06
E0_x : 26249103066.7
E0_y : 28858412256.9
E0_z : 6577514067.41
v0_xy : 0.0557581
v0_xz : 0.485068
v0_yx : 0.0613007
v0_yz : 0.399566
v0_zx : 0.121549
v0_zy : 0.0910705
G0_xy : 2082060363.1
G0_yz : 1.56135805883e+14
G0_zx : 1.56135805883e+14
