Results file for weave 3_4_1_1_4
ArealDensity : 1.0899e-06
E0_x : 27571543211.6
E0_y : 36491416957.4
E0_z : 6196645584.92
v0_xy : 0.0470561
v0_xz : 0.467439
v0_yx : 0.0622796
v0_yz : 0.43753
v0_zx : 0.105056
v0_zy : 0.0742974
G0_xy : 2069594047.26
G0_yz : -3.91634734399e+14
G0_zx : -3.91634734399e+14
