Results file for weave 1_2_1_1_1
ArealDensity : 9.2209e-07
E0_x : 28848588810.3
E0_y : 49299548312.1
E0_z : 6497273915.58
v0_xy : 0.0365441
v0_xz : 0.45625
v0_yx : 0.0624505
v0_yz : 0.429474
v0_zx : 0.102757
v0_zy : 0.0566012
G0_xy : 2208351329.41
G0_yz : -4.51057341049e+13
G0_zx : -4.51057341049e+13
