Results file for weave 2_2_1_6_2
ArealDensity : 1.023e-06
E0_x : 28542815668.1
E0_y : 53213629958.8
E0_z : 8390721415.13
v0_xy : 0.0397534
v0_xz : 0.366501
v0_yx : 0.074114
v0_yz : 0.334315
v0_zx : 0.10774
v0_zy : 0.0527147
G0_xy : 2316472690.84
G0_yz : 1.43119934983e+14
G0_zx : 1.43119934983e+14
