Results file for weave 3_7_1_1_2
ArealDensity : 1.3987e-06
E0_x : 30567435574.6
E0_y : 29954288270.6
E0_z : 6220241185.08
v0_xy : 0.0572136
v0_xz : 0.461232
v0_yx : 0.056066
v0_yz : 0.435606
v0_zx : 0.0938572
v0_zy : 0.090457
G0_xy : 2063787484.02
G0_yz : -6.83533478028e+23
G0_zx : -6.82795614995e+23
