Results file for weave 3_5_1_1_3
ArealDensity : 1.1853e-06
E0_x : 31384594896.8
E0_y : 38996736248.4
E0_z : 6396246028.99
v0_xy : 0.0448771
v0_xz : 0.46552
v0_yx : 0.0557617
v0_yz : 0.432522
v0_zx : 0.094874
v0_zy : 0.0709422
G0_xy : 2146295697.52
G0_yz : -6.94344608432e+14
G0_zx : -6.94344608432e+14
