Results file for weave 3_4_1_4_3
ArealDensity : 1.1854e-06
E0_x : 28491009093.4
E0_y : 36296851536.1
E0_z : 7679802918.76
v0_xy : 0.0522937
v0_xz : 0.407171
v0_yx : 0.0666208
v0_yz : 0.354645
v0_zx : 0.109754
v0_zy : 0.075037
G0_xy : 2102303684.72
G0_yz : -1.1967729484e+13
G0_zx : -1.1967729484e+13
