Results file for weave 2_4_1_4_1
ArealDensity : 1.1854e-06
E0_x : 25063988275.2
E0_y : 33215770060.4
E0_z : 7496423478.83
v0_xy : 0.0564857
v0_xz : 0.409027
v0_yx : 0.074857
v0_yz : 0.353508
v0_zx : 0.122337
v0_zy : 0.0797827
G0_xy : 2056491711.14
G0_yz : 6.97480030426e+23
G0_zx : 6.96899304092e+23
