Results file for weave 2_5_1_1_2
ArealDensity : 1.1853e-06
E0_x : 31421833796.4
E0_y : 38987257319.3
E0_z : 6396863251.87
v0_xy : 0.044873
v0_xz : 0.465532
v0_yx : 0.0556771
v0_yz : 0.432472
v0_zx : 0.0947732
v0_zy : 0.0709581
G0_xy : 2145974820.85
G0_yz : -2.63628130459e+13
G0_zx : -2.63628130459e+13
