Results file for weave 2_2_1_1_4
ArealDensity : 9.2209e-07
E0_x : 28882509590.7
E0_y : 49300530694.8
E0_z : 6497044858.33
v0_xy : 0.036497
v0_xz : 0.456988
v0_yx : 0.0622979
v0_yz : 0.429475
v0_zx : 0.102798
v0_zy : 0.0565982
G0_xy : 2208254010.71
G0_yz : -5.43931021316e+13
G0_zx : -5.43931021316e+13
