Results file for weave 2_3_1_1_3
ArealDensity : 1.0022e-06
E0_x : 29587547290.9
E0_y : 44981357980.4
E0_z : 6439267621.71
v0_xy : 0.0393332
v0_xz : 0.462551
v0_yx : 0.0597975
v0_yz : 0.431445
v0_zx : 0.100667
v0_zy : 0.0617632
G0_xy : 2168948685.1
G0_yz : -3.95984376222e+13
G0_zx : -3.95984376222e+13
