Results file for weave 2_4_1_1_6
ArealDensity : 1.0899e-06
E0_x : 30350272428.9
E0_y : 39938277636.4
E0_z : 6364525114.52
v0_xy : 0.0435826
v0_xz : 0.46674
v0_yx : 0.0573508
v0_yz : 0.433755
v0_zx : 0.0978765
v0_zy : 0.0691228
G0_xy : 2123383423.53
G0_yz : 2.9518303196e+13
G0_zx : 2.9518303196e+13
