Results file for weave 3_4_1_2_1
ArealDensity : 1.1125e-06
E0_x : 29068486098.1
E0_y : 43911625383.4
E0_z : 6628984702.77
v0_xy : 0.038607
v0_xz : 0.482528
v0_yx : 0.0583207
v0_yz : 0.414687
v0_zx : 0.110039
v0_zy : 0.062602
G0_xy : 2190519217.14
G0_yz : -3.30248535947e+13
G0_zx : -3.30248535947e+13
