Results file for weave 2_3_1_1_6
ArealDensity : 1.0022e-06
E0_x : 29605891398.5
E0_y : 44982709334.5
E0_z : 6439474208.04
v0_xy : 0.0393207
v0_xz : 0.462774
v0_yx : 0.0597433
v0_yz : 0.431435
v0_zx : 0.100656
v0_zy : 0.0617618
G0_xy : 2169061504.85
G0_yz : 4.3732538281e+13
G0_zx : 4.3732538281e+13
