Results file for weave 3_3_1_1_2
ArealDensity : 1.0022e-06
E0_x : 29570421138.3
E0_y : 44982467137.8
E0_z : 6439573765.51
v0_xy : 0.039352
v0_xz : 0.462237
v0_yx : 0.0598622
v0_yz : 0.431417
v0_zx : 0.100662
v0_zy : 0.0617605
G0_xy : 2169073649.34
G0_yz : -3.32176182117e+13
G0_zx : -3.32176182117e+13
