Results file for weave 2_4_1_2_4
ArealDensity : 1.1125e-06
E0_x : 28728005373.4
E0_y : 43293854933.5
E0_z : 6591979530.51
v0_xy : 0.0394801
v0_xz : 0.477536
v0_yx : 0.0594975
v0_yz : 0.416641
v0_zx : 0.109576
v0_zy : 0.0634383
G0_xy : 2179177234.17
G0_yz : 2.8819446442e+13
G0_zx : 2.8819446442e+13
