Results file for weave 2_6_1_1_5
ArealDensity : 1.2884e-06
E0_x : 31965562472.1
E0_y : 30594615782.6
E0_z : 6218613575.51
v0_xy : 0.055575
v0_xz : 0.468613
v0_yx : 0.0531915
v0_yz : 0.437764
v0_zx : 0.0911645
v0_zy : 0.0889791
G0_xy : 2054838883.33
G0_yz : -3.7484573008e+13
G0_zx : -3.7484573008e+13
